function h = filter8_6_96;
% h = filter8_6_96;  
%
% returns a prototype for a K=8 filter bank decimated by N=6. The number
% of coefficients is 96.
%
% Output parameter:
%     h       column vector with filter coefficients
%
% S. Weiss, University of Southampton, 31.8.1999

h=[2.6972954874534850e-04
   3.8693627346076157e-04
   2.6999608553943219e-04
   5.4950304439260213e-05
  -2.4168164842101907e-04
  -5.7460235667608928e-04
  -8.7348063526498237e-04
  -1.0530507784853305e-03
  -1.0309778041986601e-03
  -7.5039381282671752e-04
  -2.0204951192262234e-04
   5.6010483821714073e-04
   1.4155042591647207e-03
   2.1894299447403425e-03
   2.6817085820576049e-03
   2.7080997181548223e-03
   2.1468822874154761e-03
   9.8085138594765212e-04
  -6.7589175397887063e-04
  -2.5757253533700009e-03
  -4.3644534550793292e-03
  -5.6369089192920318e-03
  -6.0140673474718617e-03
  -5.2288783664667599e-03
  -3.2036859334433065e-03
  -1.0217097758178235e-04
   3.6589126711238733e-03
   7.4480846671204680e-03
   1.0506430498072494e-02
   1.2074784572934157e-02
   1.1542030499192051e-02
   8.5896428870312243e-03
   3.3043495905127830e-03
  -3.7649598859585244e-03
  -1.1623131727893275e-02
  -1.8925427150229518e-02
  -2.4145159513903374e-02
  -2.5792480397659228e-02
  -2.2652583720950629e-02
  -1.4005988288795082e-02
   2.0691488728229258e-04
   1.9307159616595664e-02
   4.1902581094242650e-02
   6.6021436898775709e-02
   8.9338005078598182e-02
   1.0946094114781031e-01
   1.2424325889908094e-01
   1.3206816207110733e-01
   1.3206816207110733e-01
   1.2424325889908094e-01
   1.0946094114781031e-01
   8.9338005078598182e-02
   6.6021436898775709e-02
   4.1902581094242650e-02
   1.9307159616595664e-02
   2.0691488728229258e-04
  -1.4005988288795082e-02
  -2.2652583720950629e-02
  -2.5792480397659228e-02
  -2.4145159513903374e-02
  -1.8925427150229518e-02
  -1.1623131727893275e-02
  -3.7649598859585244e-03
   3.3043495905127830e-03
   8.5896428870312243e-03
   1.1542030499192051e-02
   1.2074784572934157e-02
   1.0506430498072494e-02
   7.4480846671204680e-03
   3.6589126711238733e-03
  -1.0217097758178235e-04
  -3.2036859334433065e-03
  -5.2288783664667599e-03
  -6.0140673474718617e-03
  -5.6369089192920318e-03
  -4.3644534550793292e-03
  -2.5757253533700009e-03
  -6.7589175397887063e-04
   9.8085138594765212e-04
   2.1468822874154761e-03
   2.7080997181548223e-03
   2.6817085820576049e-03
   2.1894299447403425e-03
   1.4155042591647207e-03
   5.6010483821714073e-04
  -2.0204951192262234e-04
  -7.5039381282671752e-04
  -1.0309778041986601e-03
  -1.0530507784853305e-03
  -8.7348063526498237e-04
  -5.7460235667608928e-04
  -2.4168164842101907e-04
   5.4950304439260213e-05
   2.6999608553943219e-04
   3.8693627346076157e-04
   2.6972954874534850e-04]';
