function h = filter32_28_896();
% h = filter32_28_896()
%
% Filter coeffcients of a prototype filter for 16 channels
% and decimation by 28 (DFT) or 14 (DCT), with -55.23 dB
% maximum reconstruction error and 57.42 dB SNR due to in-band
% aliasing.
%
% Output parameters:
%      h       filter coeffcients in row vector
%
% St.Weiss, University of Strathclyde, 23.9.1997

h=[3.4867661355759033e-05
   5.3206238103245709e-05
   5.3499706249742889e-05
   5.3164928707386067e-05
   5.2197809614714010e-05
   5.0600659498641038e-05
   4.8382298952392747e-05
   4.5558142688478912e-05
   4.2150176870027638e-05
   3.8186913548482972e-05
   3.3703232579738643e-05
   2.8740200958507274e-05
   2.3344774598700718e-05
   1.7569483506539907e-05
   1.1471992820252789e-05
   5.1146655841852800e-06
  -1.4360351595680375e-06
  -8.1100469085486789e-06
  -1.4834447820888974e-05
  -2.1534115684957701e-05
  -2.8132467417514607e-05
  -3.4552249670464686e-05
  -4.0716342661379734e-05
  -4.6548591750578303e-05
  -5.1974653840870769e-05
  -5.6922843798162847e-05
  -6.1324984116950174e-05
  -6.5117232587077467e-05
  -6.8240896171888553e-05
  -7.0643203589976808e-05
  -7.2278043589680966e-05
  -7.3106749264285735e-05
  -7.3098777087967606e-05
  -7.2230909008433580e-05
  -7.0490509011505902e-05
  -6.7873578621061376e-05
  -6.4385905393017016e-05
  -6.0043155072592836e-05
  -5.4870987523200401e-05
  -4.8905031024438559e-05
  -4.2190777909378448e-05
  -3.4783337071225026e-05
  -2.6747103044826056e-05
  -1.8155282857375036e-05
  -9.0893411284120769e-06
   3.6169193323785747e-07
   1.0101986398705397e-05
   2.0029807545869100e-05
   3.0038470729211293e-05
   4.0017400371199796e-05
   4.9853254076332570e-05
   5.9431112193063238e-05
   6.8635709850597081e-05
   7.7352723665644770e-05
   8.5470063935202205e-05
   9.2879199272382073e-05
   9.9476456744185368e-05
   1.0516432579342339e-04
   1.0985270759746515e-04
   1.1346013812310284e-04
   1.1591492649304163e-04
   1.1715623746976514e-04
   1.1713506063041018e-04
   1.1581546336988054e-04
   1.1317467210316915e-04
   1.0920259283471905e-04
   1.0390597263990888e-04
   9.7305489093366831e-05
   8.9436949278470096e-05
   8.0351265987532134e-05
   7.0114292628649665e-05
   5.8806508095080413e-05
   4.6522508155214433e-05
   3.3370346629697575e-05
   1.9470687300504217e-05
   4.9558130596817981e-06
  -1.0031541778817463e-05
  -2.5339486707612725e-05
  -4.0808427015331047e-05
  -5.6272621816031363e-05
  -7.1561867450137750e-05
  -8.6503260018003190e-05
  -1.0092305242120566e-04
  -1.1464854843870960e-04
  -1.2751005633612392e-04
  -1.3934283896848134e-04
  -1.4998907991145997e-04
  -1.5929980334930880e-04
  -1.6713676524320240e-04
  -1.7337425411013990e-04
  -1.7790081857547654e-04
  -1.8062086098502225e-04
  -1.8145611544429142e-04
  -1.8034695145949326e-04
  -1.7725352405569095e-04
  -1.7215747238076725e-04
  -1.6506123021347820e-04
  -1.5598660524086691e-04
  -1.4498193561811776e-04
  -1.3211619311728867e-04
  -1.1748052175118636e-04
  -1.0118777332509711e-04
  -8.3371822315886877e-05
  -6.4186615758082379e-05
  -4.3804993492594998e-05
  -2.2417255205715222e-05
  -2.2951477891752961e-07
   2.2538175263610652e-05
   4.5653883860692648e-05
   6.8876057339243863e-05
   9.1955922373408049e-05
   1.1464004001076946e-04
   1.3667295801823994e-04
   1.5779996659358558e-04
   1.7776989275303961e-04
   1.9633794237725667e-04
   2.1326852140705262e-04
   2.2833804064028112e-04
   2.4133763857793754e-04
   2.5207582344115753e-04
   2.6038097093187065e-04
   2.6610367902924094e-04
   2.6911891865975465e-04
   2.6932798341828927e-04
   2.6666018115930452e-04
   2.6107427401729049e-04
   2.5255961417869989e-04
   2.4113836949802046e-04
   2.2686341687379267e-04
   2.0981496846675637e-04
   1.9011283322300924e-04
   1.6790522005214641e-04
   1.4337086278844760e-04
   1.1671780350108266e-04
   8.8181805162459954e-05
   5.8024440956460777e-05
   2.6530845017039125e-05
  -5.9928295412199473e-06
  -3.9222252869579590e-05
  -7.2818007283600772e-05
  -1.0642892380910702e-04
  -1.3969560606897659e-04
  -1.7225413731409005e-04
  -2.0373990188808305e-04
  -2.3379151570203220e-04
  -2.6205479404194099e-04
  -2.8818673880229252e-04
  -3.1185948382322031e-04
  -3.3276417197466480e-04
  -3.5061469990288366e-04
  -3.6515131010283244e-04
  -3.7614396358254503e-04
  -3.8339547682821908e-04
  -3.8674435892629294e-04
  -3.8606733661810457e-04
  -3.8128150844888100e-04
  -3.7234612185191020e-04
  -3.5926392114152543e-04
  -3.4208206681669238e-04
  -3.2089487704089689e-04
  -2.9583952088460362e-04
  -2.6708948085380499e-04
  -2.3487437751433833e-04
  -1.9946068326606335e-04
  -1.6115476402734475e-04
  -1.2030046471623221e-04
  -7.7276230298001681e-05
  -3.2491781718783669e-05
   1.3615600353873778e-05
   6.0585178419207939e-05
   1.0793718490896068e-04
   1.5517755785081914e-04
   2.0180291493135526e-04
   2.4730574316214583e-04
   2.9117972699981259e-04
   3.3292518462546517e-04
   3.7205453365875057e-04
   4.0809775313291341e-04
   4.4060774967305869e-04
   4.6916560962316630e-04
   4.9338563735758039e-04
   5.1292015661939350e-04
   5.2746398843667142e-04
   5.3675857942978044e-04
   5.4059570223954228e-04
   5.3882070644238459e-04
   5.3133525003446510e-04
   5.1809949806022972e-04
   4.9913372888765620e-04
   4.7451934422525644e-04
   4.4439923547915272e-04
   4.0898101067789151e-04
   3.6852956394704058e-04
   3.2335608628830876e-04
   2.7384787115462280e-04
   2.2043804880786163e-04
   1.6360975063496391e-04
   1.0389202545011187e-04
   4.1855144474243527e-05
  -2.1894611991095625e-05
  -8.6720663842168149e-05
  -1.5196226258655561e-04
  -2.1694101005363380e-04
  -2.8096768025326308e-04
  -3.4334930028004698e-04
  -4.0339639744267365e-04
  -4.6043036121691679e-04
  -5.1379082129203793e-04
  -5.6284298668521078e-04
  -6.0698484970007514e-04
  -6.4565418053264836e-04
  -6.7833524122239358e-04
  -7.0456513660721175e-04
  -7.2393972448820299e-04
  -7.3611902525341094e-04
  -7.4083205057484842e-04
  -7.3788100412161897e-04
  -7.2714478219759173e-04
  -7.0858174048199442e-04
  -6.8223166740406912e-04
  -6.4821694538641636e-04
  -6.0674285469822513e-04
  -5.5809701939846950e-04
  -5.0265288379710833e-04
  -4.4085834712017432e-04
  -3.7321900909224534e-04
  -3.0033977366335360e-04
  -2.2288106480298600e-04
  -1.4156411667084050e-04
  -5.7164598633626546e-05
   2.9494476298284104e-05
   1.1755048295386071e-04
   2.0610946773485099e-04
   2.9425492605569315e-04
   3.8105697208251757e-04
   4.6558182989593205e-04
   5.4690153505459506e-04
   6.2410376514344945e-04
   6.9630168301603032e-04
   7.6264370445603660e-04
   8.2232307148439048e-04
   8.7458715097372660e-04
   9.1874631399732187e-04
   9.5418235397912339e-04
   9.8035628982113751e-04
   9.9681550457134680e-04
   1.0032001004302022e-03
   9.9924841828859267e-04
   9.8480162132477981e-04
   9.5980730415523531e-04
   9.2432204655498794e-04
   8.7851289101697561e-04
   8.2265768440286258e-04
   7.5714428329785020e-04
   6.8246858820906456e-04
   5.9923778880743709e-04
   5.0815449620558598e-04
   4.0999329403947586e-04
   3.0565408651901888e-04
   1.9610365717046143e-04
   8.2381476411502705e-05
  -3.4409690281265384e-05
  -1.5311404793449300e-04
  -2.7253376928754679e-04
  -3.9144064156250506e-04
  -5.0858823519878062e-04
  -6.2272449675415220e-04
  -7.3260462446078883e-04
  -8.3700411791271922e-04
  -9.3473184924239533e-04
  -1.0246430437085619e-03
  -1.1056520091919323e-03
  -1.1767445031539924e-03
  -1.2369895891153285e-03
  -1.2855508401574051e-03
  -1.3216967950305349e-03
  -1.3448105132284553e-03
  -1.3543981285865272e-03
  -1.3500962955033265e-03
  -1.3316784256827054e-03
  -1.2990596357664577e-03
  -1.2523003240346910e-03
  -1.1916083227880353e-03
  -1.1173395695574112e-03
  -1.0299972721863832e-03
  -9.3022953960201463e-04
  -8.1882548476782638e-04
  -6.9671723412099464e-04
  -5.6495966085458175e-04
  -4.2470014579639370e-04
  -2.7723993867621795e-04
  -1.2396276198726431e-04
   3.3660516380788138e-05
